0 0
0 1427
1699 0
1699 1427
816 447
795 493
825 550
840 497
821 684
779 730
800 789
823 747
787 590
772 655
737 800
770 535
760 426
877 585
976 571
982 672
1098 550
1066 621
1089 707
1134 621
1108 621
554 411
577 625
527 810
672 844
707 877
848 924
938 957
693 375
556 363
386 430
298 543
279 667
302 789
371 903
480 961
596 982
699 978
798 976
869 961
804 1014
730 1005
1012 938
1159 865
1236 762
1272 648
1241 558
1201 508
1178 491
1115 459
1026 426
894 394
795 399
669 600
1194 1033
1232 1146
1335 1008
1442 966
1570 907
1635 819
1656 707
1650 598
1623 501
1560 447
1455 420
1360 415
1274 415
1203 426
1463 669
1247 321
1356 308
1449 298
1562 283
1659 252
1360 1104
1499 1096
1661 1125
1356 134
1455 2
1327 1308
438 623
562 512
535 739
579 835
1306 231
1400 65
1190 475
1127 955
1697 242
1697 1142
1692 680
1525 155
1602 362
1377 362
1600 1002
1355 1057
1477 1270
942 820
955 475
1310 222
1262 295
1397 65
1490 370
1482 1030
1267 1080
1280 367
