0 0
0 1427
1699 0
1699 1427
711 445
690 489
701 539
720 493
688 707
663 756
678 810
693 772
648 611
634 663
609 808
648 562
648 424
749 609
831 600
861 686
999 539
953 621
978 726
1014 627
980 621
453 428
382 617
430 856
541 861
577 919
779 942
900 936
588 388
470 401
340 470
279 562
256 665
283 772
346 877
464 978
588 1001
653 1005
766 999
829 963
791 1026
688 1041
989 911
1075 844
1140 735
1157 646
1123 550
1092 525
1083 508
1037 474
951 445
854 420
737 415
495 600
1274 1159
1362 1352
1356 1083
1440 978
1545 852
1583 770
1608 680
1600 596
1556 529
1512 480
1444 451
1356 426
1289 441
1228 478
1455 690
1295 319
1373 275
1461 247
1568 218
1661 182
1461 1236
1566 1203
1661 1182
1436 96
1656 16
1398 1404
317 638
403 508
386 749
480 854
1362 195
1551 42
1205 535
1162 957
1695 167
1692 1172
1697 680
1525 155
1605 332
1380 360
1597 1000
1415 1140
1520 1340
812 802
835 472
1357 207
1332 290
1575 32
1490 357
1497 1075
1335 1200
1302 370
